1.000000 0.001000 0.010000 0.441300 -0.175700 -0.316200 8.275385 10.321495 45.779240
1.000000 0.001000 0.010000 0.098300 -0.216500 0.586500 64.053772 62.344402 16.431408
1.000000 0.001000 0.010000 -0.364700 -0.589800 0.315800 23.149157 64.956360 72.409477
1.000000 0.001000 0.010000 -0.099500 0.241000 0.386600 13.940172 21.485609 76.559013
1.000000 0.001000 0.010000 0.252900 -0.288500 0.919300 28.845837 52.690228 38.936958
1.000000 0.001000 0.010000 -0.141500 0.090600 0.393700 28.397245 8.146508 37.488319
1.000000 0.001000 0.010000 0.195300 -0.745400 -0.100600 90.460716 27.259171 4.444869
1.000000 0.001000 0.010000 -0.235500 0.331600 0.423000 36.432381 67.967155 10.424402
1.000000 0.001000 0.010000 -0.607200 0.555800 -0.295800 90.700989 26.449306 17.157330
1.000000 0.001000 0.010000 -0.154800 0.036300 0.436800 16.484985 0.551614 40.328979
1.000000 0.001000 0.010000 0.196200 -0.591900 -0.339900 14.131021 78.680046 13.801391
1.000000 0.001000 0.010000 -0.225100 0.566700 0.404500 59.455509 43.778622 65.466530
1.000000 0.001000 0.010000 0.264400 0.582400 -0.103100 13.386803 22.040377 5.699978
1.000000 0.001000 0.010000 0.055600 0.180300 0.666700 25.162254 46.255089 77.705765
1.000000 0.001000 0.010000 -0.163600 -0.194900 0.945100 72.211205 49.551884 31.481184
1.000000 0.001000 0.010000 -0.294800 -0.498000 -0.799500 83.684074 20.428211 13.848293
1.000000 0.001000 0.010000 0.072600 -0.693100 -0.165000 30.862349 85.337410 14.876542
1.000000 0.001000 0.010000 -0.230200 -0.305600 0.790400 18.083300 66.584663 21.056229
1.000000 0.001000 0.010000 0.357500 0.701800 -0.174800 65.774765 33.582649 60.860714
1.000000 0.001000 0.010000 0.176800 -0.629700 -0.236500 20.201899 44.281467 13.790510
1.000000 0.001000 0.010000 -0.099300 -0.584400 -0.729800 66.124756 26.056890 6.649772
1.000000 0.001000 0.010000 -0.180200 0.503600 -0.410100 27.589174 31.935661 67.807068
1.000000 0.001000 0.010000 0.506200 -0.494600 -0.004800 17.489500 46.458504 42.246059
1.000000 0.001000 0.010000 0.587700 0.204000 0.143400 15.854542 58.901550 31.281780
1.000000 0.001000 0.010000 0.630000 0.359400 -0.223600 53.483414 36.965244 33.481293
1.000000 0.001000 0.010000 0.252900 -0.541000 -0.791400 42.253063 19.299145 33.085003
1.000000 0.001000 0.010000 -0.590200 0.204400 0.077100 32.507240 14.150708 0.450448
1.000000 0.001000 0.010000 -0.225800 -0.262500 -0.423500 58.030888 14.805734 78.497734
1.000000 0.001000 0.010000 -0.647800 0.050400 0.440000 57.274040 24.789145 63.985600
1.000000 0.001000 0.010000 0.037400 -0.212900 0.600900 13.721575 69.640915 11.504865
1.000000 0.001000 0.010000 0.330900 -0.234000 -0.009500 26.301865 42.507111 19.686941
1.000000 0.001000 0.010000 -0.830000 -0.126300 -0.160400 69.939804 23.089161 64.233597
1.000000 0.001000 0.010000 -0.022700 -0.444400 0.865800 57.343372 43.142754 66.593636
1.000000 0.001000 0.010000 0.378400 -0.446300 0.220600 9.229096 51.517471 16.653828
1.000000 0.001000 0.010000 0.278000 0.001100 0.645400 14.659970 70.118721 1.078192
1.000000 0.001000 0.010000 0.198400 -0.022600 -0.433300 11.083217 15.365170 17.179457
1.000000 0.001000 0.010000 0.269700 -0.574700 0.293700 7.120615 70.460686 41.686710
1.000000 0.001000 0.010000 0.310600 0.109400 -0.060900 65.622864 0.266629 49.677132
1.000000 0.001000 0.010000 0.082400 -0.153300 -0.546700 86.677284 5.594804 24.017672
1.000000 0.001000 0.010000 0.755100 -0.311500 0.530800 26.609646 9.001451 7.398505
1.000000 0.001000 0.010000 -0.183200 -0.211100 -0.136700 80.019730 10.032541 43.575695
1.000000 0.001000 0.010000 0.665000 -0.100000 -0.019600 24.068432 64.807388 8.835704
1.000000 0.001000 0.010000 0.405700 0.379000 0.016400 83.551949 24.937931 14.044465
1.000000 0.001000 0.010000 0.514800 0.217200 -0.818600 6.693449 29.431484 26.268440
1.000000 0.001000 0.010000 -0.492400 -0.250600 -0.786100 45.328846 33.097404 59.936512
1.000000 0.001000 0.010000 0.400000 -0.157600 0.424100 67.306877 32.900978 36.089130
1.000000 0.001000 0.010000 0.113700 -0.722100 0.010900 18.727293 92.448975 17.222723
1.000000 0.001000 0.010000 0.091800 -0.075800 0.075400 44.797092 13.082587 42.791210
1.000000 0.001000 0.010000 0.005800 -0.516500 0.154700 63.088932 13.595384 54.387020
1.000000 0.001000 0.010000 0.619200 0.109800 0.625100 2.658866 95.613388 1.649183
1.000000 0.001000 0.010000 0.222900 0.039800 0.552300 25.359089 8.701964 91.201698
1.000000 0.001000 0.010000 -0.473300 -0.271600 0.580900 13.773995 20.148685 79.573845
1.000000 0.001000 0.010000 -0.160600 0.226100 -0.413100 25.148842 49.140488 53.763035
1.000000 0.001000 0.010000 0.046900 -0.233600 -0.040500 8.195350 0.973976 20.545094
1.000000 0.001000 0.010000 -0.332500 -0.480000 -0.071700 39.222485 58.172344 41.995327
1.000000 0.001000 0.010000 -0.206000 0.463000 -0.739000 84.764885 29.818026 7.702216
1.000000 0.001000 0.010000 -0.855200 0.077000 -0.449600 50.792828 4.614698 16.998278
1.000000 0.001000 0.010000 0.212800 0.266300 -0.715100 81.657799 39.890167 10.656951
1.000000 0.001000 0.010000 -0.077100 -0.211000 -0.130700 20.506561 16.990204 43.009686
1.000000 0.001000 0.010000 0.352000 0.291200 -0.700100 77.068466 27.466833 34.272579
1.000000 0.001000 0.010000 -0.661600 -0.001700 0.447100 2.790208 56.841591 0.813075
1.000000 0.001000 0.010000 -0.769300 -0.306600 -0.030300 7.553429 68.519714 49.196224
1.000000 0.001000 0.010000 -0.132800 0.181800 0.892100 1.269295 18.427149 58.062546
1.000000 0.001000 0.010000 -0.156400 0.153200 -0.036000 58.350937 14.398099 61.026161
1.000000 0.001000 0.010000 -0.718400 0.218200 0.242600 27.467571 12.142531 70.351006
1.000000 0.001000 0.010000 -0.474400 -0.846800 0.165900 50.570553 9.990656 19.145983
1.000000 0.001000 0.010000 -0.701300 0.370100 0.327600 6.896630 69.004013 25.563589
1.000000 0.001000 0.010000 -0.067000 -0.701300 0.247100 2.633325 12.888795 19.771696
1.000000 0.001000 0.010000 -0.656500 0.216000 -0.070200 6.509698 9.156625 35.818981
1.000000 0.001000 0.010000 -0.170200 -0.014900 0.234700 49.101067 69.191994 46.194778
1.000000 0.001000 0.010000 0.126200 -0.307000 -0.604100 7.783155 58.017712 71.292587
1.000000 0.001000 0.010000 0.800400 -0.130900 -0.200600 29.978271 57.878014 20.820791
1.000000 0.001000 0.010000 -0.718900 -0.340200 0.171300 88.644379 13.191552 1.806786
1.000000 0.001000 0.010000 -0.743700 -0.454600 0.451000 16.860718 54.169342 33.816677
1.000000 0.001000 0.010000 -0.278400 0.142800 0.595300 19.137833 90.229752 15.168308
1.000000 0.001000 0.010000 -0.165000 -0.513900 -0.204600 53.432194 53.656231 42.538078
1.000000 0.001000 0.010000 -0.017700 0.209700 -0.056000 8.459180 8.373761 34.081421
1.000000 0.001000 0.010000 -0.320000 0.053100 -0.691700 0.838794 39.233471 65.897675
1.000000 0.001000 0.010000 -0.002500 0.054700 0.026300 17.103020 60.971954 74.981850
1.000000 0.001000 0.010000 -0.304600 0.192800 0.014700 67.397537 48.012539 41.912907
1.000000 0.001000 0.010000 0.941500 0.092800 -0.001100 4.846342 32.517632 72.411392
1.000000 0.001000 0.010000 -0.222500 -0.304200 -0.377100 57.379131 64.950638 44.339352
1.000000 0.001000 0.010000 -0.250200 -0.328400 -0.212600 42.587181 2.536737 57.442970
1.000000 0.001000 0.010000 0.303000 0.812400 0.138500 50.729229 70.904282 21.473801
1.000000 0.001000 0.010000 0.695900 0.133000 -0.525900 25.569534 53.370548 19.156162
1.000000 0.001000 0.010000 0.507800 -0.101500 0.352800 60.914963 14.211580 69.978546
1.000000 0.001000 0.010000 0.077000 -0.099600 0.338300 26.296633 18.891926 90.749428
1.000000 0.001000 0.010000 0.198200 0.413700 0.159600 48.371532 36.150368 25.317924
1.000000 0.001000 0.010000 0.693200 -0.158800 0.482100 68.162910 33.186081 57.192715
1.000000 0.001000 0.010000 -0.213900 -0.448800 0.310400 16.076038 41.976109 32.192963
1.000000 0.001000 0.010000 -0.396400 -0.100600 -0.484100 17.060266 69.452408 31.934685
1.000000 0.001000 0.010000 0.579000 -0.427200 -0.132900 1.827583 75.439690 56.542709
1.000000 0.001000 0.010000 -0.546300 -0.623100 -0.263800 36.252060 24.818266 86.360092
1.000000 0.001000 0.010000 -0.188900 0.325100 0.211500 8.548316 51.387638 10.627296
1.000000 0.001000 0.010000 0.474800 0.161100 0.481000 2.108815 28.346275 79.250771
1.000000 0.001000 0.010000 -0.396000 -0.056200 0.649500 26.978107 32.937050 80.011444
1.000000 0.001000 0.010000 0.409400 0.788000 -0.073700 73.971153 11.909535 12.192235
1.000000 0.001000 0.010000 -0.674000 0.220700 0.183000 38.641308 51.903515 38.813065
1.000000 0.001000 0.010000 -0.165500 0.531400 0.809900 2.568484 3.099774 87.927605
1.000000 0.001000 0.010000 0.960500 0.074100 0.208500 35.406193 73.634384 51.873482
1.000000 0.001000 0.010000 5.441300 4.824300 4.683800 15.956103 65.692337 16.632727
1.000000 0.001000 0.010000 5.098300 4.783500 5.586500 40.841595 43.155231 79.888596
1.000000 0.001000 0.010000 4.635300 4.410200 5.315800 70.208786 41.604073 50.656475
1.000000 0.001000 0.010000 4.900500 5.241000 5.386600 45.256214 43.563042 68.953117
1.000000 0.001000 0.010000 5.252900 4.711500 5.919300 19.336391 59.806240 75.912941
1.000000 0.001000 0.010000 4.858500 5.090600 5.393700 4.810951 77.078194 40.777744
1.000000 0.001000 0.010000 5.195300 4.254600 4.899400 60.886890 12.206224 12.846171
1.000000 0.001000 0.010000 4.764500 5.331600 5.423000 3.250768 46.067799 5.006560
1.000000 0.001000 0.010000 4.392800 5.555800 4.704200 25.741728 2.775177 70.061638
1.000000 0.001000 0.010000 4.845200 5.036300 5.436800 6.507300 9.152216 10.624970
1.000000 0.001000 0.010000 5.196200 4.408100 4.660100 3.358777 45.899685 0.440516
1.000000 0.001000 0.010000 4.774900 5.566700 5.404500 39.784081 88.088745 4.346346
1.000000 0.001000 0.010000 5.264400 5.582400 4.896900 59.138069 27.669800 9.676666
1.000000 0.001000 0.010000 5.055600 5.180300 5.666700 37.780914 7.801671 88.639557
1.000000 0.001000 0.010000 4.836400 4.805100 5.945100 17.256641 33.541836 79.726387
1.000000 0.001000 0.010000 4.705200 4.502000 4.200500 19.114973 69.755600 32.165203
1.000000 0.001000 0.010000 5.072600 4.306900 4.835000 15.726112 77.150360 14.511727
1.000000 0.001000 0.010000 4.769800 4.694400 5.790400 4.961094 11.260110 32.913589
1.000000 0.001000 0.010000 5.357500 5.701800 4.825200 47.706783 2.212402 26.054953
1.000000 0.001000 0.010000 5.176800 4.370300 4.763500 49.353783 39.892612 27.992931
1.000000 0.001000 0.010000 4.900700 4.415600 4.270200 35.880394 11.698872 34.391823
1.000000 0.001000 0.010000 4.819800 5.503600 4.589900 59.421886 46.625210 47.807632
1.000000 0.001000 0.010000 5.506200 4.505400 4.995200 55.508472 3.872433 55.358528
1.000000 0.001000 0.010000 5.587700 5.204000 5.143400 7.909862 93.520660 34.260082
1.000000 0.001000 0.010000 5.630000 5.359400 4.776400 34.626389 43.594959 42.632477
1.000000 0.001000 0.010000 5.252900 4.459000 4.208600 41.384579 15.565089 4.046622
1.000000 0.001000 0.010000 4.409800 5.204400 5.077100 33.214252 62.942135 48.311584
1.000000 0.001000 0.010000 4.774200 4.737500 4.576500 38.873638 27.266117 50.035954
1.000000 0.001000 0.010000 4.352200 5.050400 5.440000 55.452316 49.588245 11.773548
1.000000 0.001000 0.010000 5.037400 4.787100 5.600900 36.860298 16.023901 36.532219
1.000000 0.001000 0.010000 5.330900 4.766000 4.990500 13.720828 0.146666 52.552856
1.000000 0.001000 0.010000 4.170000 4.873700 4.839600 10.839751 51.218704 4.596348
1.000000 0.001000 0.010000 4.977300 4.555600 5.865800 34.677746 13.131672 78.564507
1.000000 0.001000 0.010000 5.378400 4.553700 5.220600 55.908615 44.151714 42.513515
1.000000 0.001000 0.010000 5.278000 5.001100 5.645400 95.716957 8.490205 7.319820
1.000000 0.001000 0.010000 5.198400 4.977400 4.566700 79.495804 40.926170 28.844378
1.000000 0.001000 0.010000 5.269700 4.425300 5.293700 4.277934 75.272041 23.329674
1.000000 0.001000 0.010000 5.310600 5.109400 4.939100 26.178886 83.804855 44.849602
1.000000 0.001000 0.010000 5.082400 4.846700 4.453300 21.853748 90.487000 27.654673
1.000000 0.001000 0.010000 5.755100 4.688500 5.530800 27.691236 63.912502 43.043713
1.000000 0.001000 0.010000 4.816800 4.788900 4.863300 71.010605 24.946756 19.911642
1.000000 0.001000 0.010000 5.665000 4.900000 4.980400 7.012890 11.998844 69.374603
1.000000 0.001000 0.010000 5.405700 5.379000 5.016400 75.339920 34.403027 38.657497
1.000000 0.001000 0.010000 5.514800 5.217200 4.181400 8.448647 28.238993 3.948253
1.000000 0.001000 0.010000 4.507600 4.749400 4.213900 58.063229 11.235985 79.053146
1.000000 0.001000 0.010000 5.400000 4.842400 5.424100 36.319893 43.394146 26.982079
1.000000 0.001000 0.010000 5.113700 4.277900 5.010900 92.181610 3.252013 26.916342
1.000000 0.001000 0.010000 5.091800 4.924200 5.075400 15.507338 43.936138 36.777195
1.000000 0.001000 0.010000 5.005800 4.483500 5.154700 23.592327 23.184948 26.102222
1.000000 0.001000 0.010000 5.619200 5.109800 5.625100 16.840021 15.445591 70.490540
1.000000 0.001000 0.010000 5.222900 5.039800 5.552300 40.467957 21.401089 11.739731
1.000000 0.001000 0.010000 4.526700 4.728400 5.580900 66.134743 0.858327 18.303963
1.000000 0.001000 0.010000 4.839400 5.226100 4.586900 36.966061 82.616402 37.612900
1.000000 0.001000 0.010000 5.046900 4.766400 4.959500 43.989742 48.565552 31.509117
1.000000 0.001000 0.010000 4.667500 4.520000 4.928300 23.173016 86.491776 19.673531
1.000000 0.001000 0.010000 4.794000 5.463000 4.261000 29.055611 21.152067 16.753557
1.000000 0.001000 0.010000 4.144800 5.077000 4.550400 26.105576 65.122849 11.343785
1.000000 0.001000 0.010000 5.212800 5.266300 4.284900 67.692116 54.012711 27.805561
1.000000 0.001000 0.010000 4.922900 4.789000 4.869300 2.903973 86.879242 41.580395
1.000000 0.001000 0.010000 5.352000 5.291200 4.299900 89.470810 26.730780 16.483767
1.000000 0.001000 0.010000 4.338400 4.998300 5.447100 35.670090 83.370201 1.381509
1.000000 0.001000 0.010000 4.230700 4.693400 4.969700 84.041855 1.858559 21.350040
1.000000 0.001000 0.010000 4.867200 5.181800 5.892100 11.314686 48.815807 5.132784
1.000000 0.001000 0.010000 4.843600 5.153200 4.964000 11.607178 24.757681 24.740322
1.000000 0.001000 0.010000 4.281600 5.218200 5.242600 5.505696 96.243576 3.490120
1.000000 0.001000 0.010000 4.525600 4.153200 5.165900 3.534178 34.587097 38.919250
1.000000 0.001000 0.010000 4.298700 5.370100 5.327600 19.957043 8.891578 79.983810
1.000000 0.001000 0.010000 4.933000 4.298700 5.247100 6.878755 44.113056 39.111553
1.000000 0.001000 0.010000 4.343500 5.216000 4.929800 4.669570 28.529263 73.170250
1.000000 0.001000 0.010000 4.829800 4.985100 5.234700 35.053955 29.432838 20.920174
1.000000 0.001000 0.010000 5.126200 4.693000 4.395900 5.385798 2.627703 67.373276
1.000000 0.001000 0.010000 5.800400 4.869100 4.799400 53.503109 30.566427 1.195098
1.000000 0.001000 0.010000 4.281100 4.659800 5.171300 53.778316 32.710213 47.428288
1.000000 0.001000 0.010000 4.256300 4.545400 5.451000 76.889793 54.648193 25.666574
1.000000 0.001000 0.010000 4.721600 5.142800 5.595300 29.959803 42.536205 69.041046
1.000000 0.001000 0.010000 4.835000 4.486100 4.795400 5.822927 78.915070 34.671764
1.000000 0.001000 0.010000 4.982300 5.209700 4.944000 57.926907 25.931807 64.092010
1.000000 0.001000 0.010000 4.680000 5.053100 4.308300 15.297212 50.060711 61.467999
1.000000 0.001000 0.010000 4.997500 5.054700 5.026300 48.725853 0.726065 14.245587
1.000000 0.001000 0.010000 4.695400 5.192800 5.014700 25.088150 69.418610 37.898388
1.000000 0.001000 0.010000 5.941500 5.092800 4.998900 26.978338 63.150177 21.252415
1.000000 0.001000 0.010000 4.777500 4.695800 4.622900 36.474777 80.799034 15.617802
1.000000 0.001000 0.010000 4.749800 4.671600 4.787400 77.038948 18.911163 29.121748
1.000000 0.001000 0.010000 5.303000 5.812400 5.138500 18.228474 10.747001 18.277554
1.000000 0.001000 0.010000 5.695900 5.133000 4.474100 14.423255 51.094761 48.094425
1.000000 0.001000 0.010000 5.507800 4.898500 5.352800 34.737606 68.938354 16.219687
1.000000 0.001000 0.010000 5.077000 4.900400 5.338300 45.601799 9.409339 15.286399
1.000000 0.001000 0.010000 5.198200 5.413700 5.159600 19.190556 35.863434 78.930290
1.000000 0.001000 0.010000 5.693200 4.841200 5.482100 43.245716 38.867016 20.437899
1.000000 0.001000 0.010000 4.786100 4.551200 5.310400 22.591780 31.825752 71.015846
1.000000 0.001000 0.010000 4.603600 4.899400 4.515900 8.489546 38.886623 61.120586
1.000000 0.001000 0.010000 5.579000 4.572800 4.867100 45.385040 47.316422 17.994938
1.000000 0.001000 0.010000 4.453700 4.376900 4.736200 1.150471 19.430433 67.112198
1.000000 0.001000 0.010000 4.811100 5.325100 5.211500 77.698601 41.192024 0.433745
1.000000 0.001000 0.010000 5.474800 5.161100 5.481000 75.504829 27.029116 57.215786
1.000000 0.001000 0.010000 4.604000 4.943800 5.649500 34.224140 86.713310 9.172830
1.000000 0.001000 0.010000 5.409400 5.788000 4.926300 5.173439 1.893584 93.717758
1.000000 0.001000 0.010000 4.326000 5.220700 5.183000 21.938704 12.297459 41.189987
1.000000 0.001000 0.010000 4.834500 5.531400 5.809900 47.388996 49.103256 52.814911
1.000000 0.001000 0.010000 5.960500 5.074100 5.208500 25.168142 84.135757 11.418822
